0 1 2 3 4 6 7 8 9 11 13 15 16 21 33 40 49 56 64 66 67 70 80 81 104 105 120 124 125 128 152 196
1 4 5 6 7 8 9 11 14 16 19 22 25 32 35 39 40 43 48 61 63 71 90 99 123 136 146 149 157 175 179 191 197 199
2 5 8 12 91 100
3 4 5 189
4 6 7 10 15 16 27 28 38 40 42 45 56 61 65 72 80 83 92 97 99 101 105 116 134 149 155 166 168 172 175 183 185 195
5 10 12 13 15 18 21 24 26 28 29 34 46 48 53 69 75 107 110 117 131 139 170 171 181 192
6 19 21 22 35 91 139 180 186
7 17 18 20 30 33 53 58 79 89 188 194
8 9 17 18 23 25 31 83 101 115 129 140 151 156 199
9 10 11 13 14 22 27 45 62 67 93 102 134 144 145 160 163
10 12 14 37 46 49 51 55 57 84 126 132 147 151 155 161 186 191 198
11 30 172
12 26 41 44 68 95 103 113 123 135 174 178
13 20 31 46 57 127
14 35 44 48 59 61 65 73 81 85 87 118 173
15 17 23 29 34 37 39 62 72 82 94 141 166 169 196
16 19 27 32 59 96 112
17 34 96 110 118 120 129 137 163
18 20 28 29 31 42 43 47 60 63 66 69 70 79 113 116 140 143 159 164 182 188 193 195 199
19 23 24 26 42 51 52 54 73 94 98 101 106 111 127 139 141 150 159 193
20 36 51 60 100 165
21 24 25 30 32 33 39 43 55 70 108 115 133 136 138 154 162 184 197
22 54 77 119 135
23 60 132
24 45 50 58 87 111 113 137 162 194
25 36 47 59 66 68 75 79 88 90 99 128 134 148 156
26 47
27
28 84 92 114 133
29 36 44
30 37 38 41 50 56 57 74 75 76 78 97 106 137 147 178
31 52 90 157
32
33 82 122 145 191 194
34 38 41 55
35 49 160 185
36 64 77 89 114 180
37 112 124 170
38 53 91 105 168
39 52 65 146 161
40 50 58 84 119 125 130 162 167 179
41 69 120 124 189
42 168 197
43 76 130 176
44 80
45 128 169 172
46 54 68 77 111 125 176
47 118 119 131 177
48 81 97 102 146 148 178 189
49 86
50 85 104 138 165 184
51 67 121 133 143
52 74 76 82
53 73
54 85 156 170
55 86
56 64 104 159
57 122 158
58 71 72 86 96 109 127 174 183
59 71 106
60 62 63 88 98 147
61 109 121 136 177
62 87 92 141 182
63
64 102
65
66 151
67 78 109 122 166
68 103 186
69 110 112 117 126
70 74 78 95
71 131 152
72
73 89 93
74 116 164
75 95
76 108
77 100 117
78 107 142
79 115 155
80 83 88 143
81
82 157 160 161 173 180 187
83
84 182
85 108 185 190
86 107 158 163
87
88
89 94 103 176
90 93 98
91
92 142 145 148 167
93
94
95 179 196
96 130 132 164
97 150
98
99
100
101 153
102
103
104 153
105 181
106 123
107
108 154
109 114 192
110
111 121
112
113
114 169
115 188
116 142 150 195
117
118 129 171
119
120
121 126 140
122
123
124 181 183
125
126
127 165 190
128
129 135 138 144 152
130 149 154 158 167 174
131
132 190
133
134 171
135
136
137
138
139
140 153
141 144 173
142
143
144 175
145
146
147
148
149
150
151
152
153 192
154
155
156
157
158
159 184
160
161
162 198
163
164
165
166
167
168
169
170
171
172
173
174
175
176 177
177
178
179
180
181 187
182 193 198
183
184
185
186 187
187
188
189
190
191
192
193
194
195
196
197
198
199
