0 4 1 0 5 18 9 30 25 58 13 36 22 39 41 62 2 34 80 85 116 23 68 71 141 26 53 55 101 140 144 88 102 119 126 152 170 191 194 196
4 1 4 5 18 19 10 21 30 15 25 12 40 46 82 33 36 38 67 54 85 89 79 95 26 176 32 93 107 119 131 137 146 163 164 184
1 1 5 18 21 9 8 15 25 14 7 40 6 17 58 33 130 38 39 92 35 70 86 11 23 29 74 77 109 118 53 75 159 162 176 117 133 145 164 196
5 5 18 30 12 40 48 130 39 69 86 29 77 53 66 111 144 32 83 103 122 148 154 158 169 172 183 185 199
18 7 10 18 21 30 25 48 34 45 54 23 121 141 140 87 94 128 148 187 193
9 6 10 21 9 30 14 12 24 58 60 51 45 140 110 142 147 149
30 7 10 20 25 28 30 60 41 62 67 43 54 86 59 78 109 65 147 161 184 194
25 3 12 15 21 24 33 36 92 57 121 64 176 148 179
58 10 14 54 60 71 72 87
13 2 15 40 38 47
36 6 50 68 121 114 131 143
22 2 10 48 75 153 63 120
39 10 37 48 46 104
41 6 12 20 56 78 140 125
62 21 24 40 48 52 62 92 160
2 7 69 129 71
34 24 106 186 174 175 178
80 12 16 23 46 70
85 10 17 26 118
116 46 53 186 120
23 7 65 155 166
68 68
71 10 101 114
141 21 56 99
26 17 33 76
53 8 14 35
55 19
101 75
140 95
144 37 45
88 130 96 154
102
119 6 12 77 86 110
126 8
152 63 135
170 45 82
191 185
194 95
196 64
21 7 14 130 29 78 90 103 189
8 7 24 82 37 70 73 44 98 131 151 154
15 6 10 38 92 37 77 107 123 172
14 7 69 52 70 159 167 169 183
7 7 12 46 52 96 11 113 133 146 192
40 48 54 96 91 179
6 16 92 109 111 113 123
17 43 78 83 117 128
33 10 51 52 159 93
130 3 38 46 47 64 127
38 65
92 42 61 143
35 10 19 27
70 57 97 151
86 19 31 66 77 78 160 183 185
11
29 159 83
74 79 94 136 142
77 42 50 51 122
109 10 82
118 63 105
75
159 65 93
162
176 47 69 115 145
117 24 32 59 146
133 129 198
145 31
164 42
69 24 28 50 56 57 184
129 19 66
3 57 183 199
57 67
183 107
199
19 10 20 28 96 78 158
10 24 43 89 42 121 44 105 181 120 172 195
12 56 84 137 146
46 31 52 115 91 99 158 167 179 187 197
82 20 83
67 49 54 73 149
54 59 64 167
89 27 112
79 48
95 48
32
93 151
107 138 154
131 147
137
146 134 189
163
184
48 91 193
66
111 37
83 45 100
103
122 167
148
154 50
158 51 56 132 188
169
172 16 138
185
16 16 20 59 124
113 198
123 78 186
52 50 136
96
192 150
24 160 195
37 72
73 44 73 179
44 125
98 59
151
60 50 155 168
51 27 31 43 50 177
45 65 166
110
142 186
147
149 174
43
42 97 63
121 104
105
181
120
195 72
56 156
84 28
47 173 177
167 28
20 50 108 99 189
59 190 193
124
78
128 175
87
94 112
187
193
28
50
108
99
189
90
153 177
63 135 168
65
155
166 160
160 168
64
179
76
27 182
182
161
31
106 180
186
174
175
178
114 135
143
72
104
91
125
97
115
197
173 150
177
49
136
156
190 168
168
61
135
100
112 180
180
138
198 165
127
132
134
150
188
165
